[Pier2.jpg]
filters=IR=1,15.204679;IR=1,0.000000;Holga=1,70.000000,30.000000,0.000000;Holga=1,98.245613,30.000000,0.000000;
moddate=0000a4d488d10000
width=2280
height=1667
textactive=0
